Add data point ([[0.74853483]], [[6.22575592]]):

Posterior mean:
[[2.04113246]
 [1.52785873]
 [1.14365547]
 [0.85606595]]

Poseterior variance:
[[ 0.67214705 -0.24540935 -0.18369745 -0.13750394]
 [-0.24540935  0.81630255 -0.13750394 -0.10292649]
 [-0.18369745 -0.13750394  0.89707351 -0.07704406]
 [-0.13750394 -0.10292649 -0.07704406  0.94232984]]

Predictive distribution ~ N([4.18462346], [1.67214705])
________________________________________________________________________________
Add data point ([[-0.82954205]], [[0.4038856]]):

Posterior mean:
[[1.87831926]
 [1.71636348]
 [1.02728782]
 [0.98254292]]

Poseterior variance:
[[ 0.47042619 -0.0118574  -0.32787362  0.01919738]
 [-0.0118574   0.54589664  0.0294229  -0.28435492]
 [-0.32787362  0.0294229   0.79402632  0.03495524]
 [ 0.01919738 -0.28435492  0.03495524  0.82060071]]

Predictive distribution ~ N([0.60056557], [1.70563117])
________________________________________________________________________________
Add data point ([[0.94391115]], [[9.3924048]]):

Posterior mean:
[[2.21748346]
 [2.25400748]
 [1.83561735]
 [1.85622049]]

Poseterior variance:
[[ 0.45545818 -0.03558474 -0.36354685 -0.0193598 ]
 [-0.03558474  0.50828401 -0.02712641 -0.34547586]
 [-0.36354685 -0.02712641  0.70900635 -0.05693803]
 [-0.0193598  -0.34547586 -0.05693803  0.72127848]]

Predictive distribution ~ N([7.541615], [1.55428394])
________________________________________________________________________________
Add data point ([[-0.04463183]], [[0.74995823]]):

Posterior mean:
[[1.78863235]
 [2.30879163]
 [2.17480712]
 [1.86009069]]

Poseterior variance:
[[ 0.31265849 -0.0173426  -0.25060277 -0.01807109]
 [-0.0173426   0.50595364 -0.0415546  -0.34564049]
 [-0.25060277 -0.0415546   0.61967586 -0.0579573 ]
 [-0.01807109 -0.34564049 -0.0579573   0.72126685]]

Predictive distribution ~ N([1.6897536], [1.31422635])
________________________________________________________________________________
Add data point ([[-0.05215677]], [[0.04423051]]):

Posterior mean:
[[1.40073757]
 [2.3630867 ]
 [2.48070251]
 [1.86046708]]

Poseterior variance:
[[ 0.23818413 -0.00691815 -0.191872   -0.01799883]
 [-0.00691815  0.50449449 -0.04977537 -0.34565061]
 [-0.191872   -0.04977537  0.57336054 -0.05801429]
 [-0.01799883 -0.34565061 -0.05801429  0.72126678]]

Predictive distribution ~ N([1.28397096], [1.23925269])
________________________________________________________________________________
Add data point ([[-0.86142195]], [[-1.68885688]]):

Posterior mean:
[[1.28783858]
 [2.61973308]
 [2.16818083]
 [2.08407382]]

Poseterior variance:
[[ 0.23068613  0.01012659 -0.21262761 -0.00314836]
 [ 0.01012659  0.46574771 -0.0025929  -0.37940928]
 [-0.21262761 -0.0025929   0.51590583 -0.01690591]
 [-0.00314836 -0.37940928 -0.01690591  0.69185407]]

Predictive distribution ~ N([-0.69213708], [1.41559824])
________________________________________________________________________________
Add data point ([[0.66981766]], [[4.25620823]]):

Posterior mean:
[[1.24493943]
 [2.55683717]
 [2.16452727]
 [2.10138654]]

Poseterior variance:
[[ 0.21497893 -0.01290227 -0.21396533  0.00319056]
 [-0.01290227  0.43198432 -0.00455418 -0.37011557]
 [-0.21396533 -0.00455418  0.5157919  -0.01636605]
 [ 0.00319056 -0.37011557 -0.01636605  0.68929588]]

Predictive distribution ~ N([4.5601851], [1.21135352])
________________________________________________________________________________
Add data point ([[0.36625983]], [[3.42654985]]):

Posterior mean:
[[1.37352257]
 [2.64636801]
 [2.06033045]
 [2.03012978]]

Poseterior variance:
[[ 0.18754079 -0.0320071  -0.19173095  0.01839592]
 [-0.0320071   0.41868186  0.01092734 -0.35952827]
 [-0.19173095  0.01092734  0.49777436 -0.02868765]
 [ 0.01839592 -0.35952827 -0.02868765  0.68086955]]

Predictive distribution ~ N([2.71891165], [1.16898447])
________________________________________________________________________________
Add data point ([[-0.10816894]], [[0.83465612]]):

Posterior mean:
[[1.33021574]
 [2.66397024]
 [2.1032509 ]
 [2.01725993]]

Poseterior variance:
[[ 0.15772646 -0.01988896 -0.16218262  0.00953575]
 [-0.01988896  0.41375639 -0.00108268 -0.35592702]
 [-0.16218262 -0.00108268  0.46848967 -0.01990653]
 [ 0.00953575 -0.35592702 -0.01990653  0.6782365 ]]

Predictive distribution ~ N([1.06411291], [1.16302208])
________________________________________________________________________________
Add data point ([[0.97909862]], [[7.97923036]]):

Posterior mean:
[[1.32952008]
 [2.66818516]
 [2.12572494]
 [2.04069058]]

Poseterior variance:
[[ 0.15768257 -0.01962302 -0.16076467  0.01101406]
 [-0.01962302  0.41214513 -0.00967392 -0.36488395]
 [-0.16076467 -0.00967392  0.4226811  -0.06766495]
 [ 0.01101406 -0.36488395 -0.06766495  0.62844523]]

Predictive distribution ~ N([7.89511568], [1.35830573])
________________________________________________________________________________
Add data point ([[0.00094333]], [[1.13386444]]):

Posterior mean:
[[1.30252998]
 [2.67147783]
 [2.15324735]
 [2.03886405]]

Poseterior variance:
[[ 0.13620976 -0.01700344 -0.13886836  0.0095609 ]
 [-0.01700344  0.41182556 -0.01234517 -0.36470667]
 [-0.13886836 -0.01234517  0.40035294 -0.06618313]
 [ 0.0095609  -0.36470667 -0.06618313  0.62834689]]

Predictive distribution ~ N([1.30505198], [1.1361778])
________________________________________________________________________________
Add data point ([[0.64766943]], [[4.86032312]]):

Posterior mean:
[[1.32507968]
 [2.71864445]
 [2.15425048]
 [2.01172364]]

Poseterior variance:
[[ 0.13197606 -0.02585895 -0.1390567   0.0146565 ]
 [-0.02585895  0.39330272 -0.01273911 -0.35404834]
 [-0.1390567  -0.01273911  0.40034456 -0.06595645]
 [ 0.0146565  -0.35404834 -0.06595645  0.62221393]]

Predictive distribution ~ N([4.53606652], [1.12458176])
________________________________________________________________________________
Add data point ([[-0.75214154]], [[0.51925263]]):

Posterior mean:
[[1.37060866]
 [2.59665612]
 [2.23985079]
 [1.99727346]]

Poseterior variance:
[[ 0.1285197  -0.01659812 -0.14555511  0.0157535 ]
 [-0.01659812  0.36848966  0.00467244 -0.35698759]
 [-0.14555511  0.00467244  0.38812672 -0.06389396]
 [ 0.0157535  -0.35698759 -0.06389396  0.62186576]]

Predictive distribution ~ N([-0.16516106], [1.2189459])
________________________________________________________________________________
Add data point ([[-0.38351997]], [[1.46444255]]):

Posterior mean:
[[1.45634361]
 [2.49225796]
 [2.17386393]
 [2.07965773]]

Poseterior variance:
[[ 0.11746175 -0.00313303 -0.13704424  0.00512771]
 [-0.00313303  0.35209342 -0.00569112 -0.34404873]
 [-0.13704424 -0.00569112  0.38157623 -0.05571571]
 [ 0.00512771 -0.34404873 -0.05571571  0.61165525]]

Predictive distribution ~ N([0.70294566], [1.12764152])
________________________________________________________________________________
Add data point ([[-0.29165756]], [[-0.59390709]]):

Posterior mean:
[[1.31824614]
 [2.61893015]
 [2.30542243]
 [1.96881026]]

Poseterior variance:
[[ 0.10735669  0.00613601 -0.12741765 -0.00298337]
 [ 0.00613601  0.34359124 -0.01452126 -0.3366087 ]
 [-0.12741765 -0.01452126  0.37240547 -0.04798868]
 [-0.00298337 -0.3366087  -0.04798868  0.60514468]]

Predictive distribution ~ N([0.70167873], [1.11059436])
________________________________________________________________________________
Add data point ([[-0.49840038]], [[0.5831109]]):

Posterior mean:
[[1.33395369]
 [2.59160027]
 [2.30074731]
 [1.98557743]]

Poseterior variance:
[[ 0.10260191  0.01440894 -0.12600246 -0.0080589 ]
 [ 0.01440894  0.32919701 -0.01698358 -0.32777769]
 [-0.12600246 -0.01698358  0.37198426 -0.04647802]
 [-0.0080589  -0.32777769 -0.04647802  0.59972676]]

Predictive distribution ~ N([0.36798885], [1.10816805])
________________________________________________________________________________
Add data point ([[-0.37790464]], [[0.38014359]]):

Posterior mean:
[[1.31980932]
 [2.60843408]
 [2.31211159]
 [1.97192913]]

Poseterior variance:
[[ 0.09685327  0.02125063 -0.12138372 -0.01360593]
 [ 0.02125063  0.32105443 -0.02248053 -0.32117595]
 [-0.12138372 -0.02248053  0.36827334 -0.04202127]
 [-0.01360593 -0.32117595 -0.04202127  0.59437428]]

Predictive distribution ~ N([0.55784345], [1.09265636])
________________________________________________________________________________
Add data point ([[0.56363357]], [[2.08524608]]):

Posterior mean:
[[1.21119299]
 [2.3881733 ]
 [2.35147715]
 [2.13454071]]

Poseterior variance:
[[ 0.09274264  0.01291476 -0.11989391 -0.00745181]
 [ 0.01291476  0.30415028 -0.01945938 -0.30869615]
 [-0.11989391 -0.01945938  0.36773339 -0.0442517 ]
 [-0.00745181 -0.30869615 -0.0442517   0.58516084]]

Predictive distribution ~ N([3.6864753], [1.10664109])
________________________________________________________________________________
Add data point ([[-0.25467324]], [[1.36728726]]):

Posterior mean:
[[1.25973195]
 [2.35215068]
 [2.29786121]
 [2.16933022]]

Poseterior variance:
[[ 0.08660623  0.01746882 -0.11311567 -0.01184998]
 [ 0.01746882  0.30077054 -0.02448978 -0.3054321 ]
 [-0.11311567 -0.02448978  0.36024617 -0.0393935 ]
 [-0.01184998 -0.3054321  -0.0393935   0.58200852]]

Predictive distribution ~ N([0.77390547], [1.0829325])
________________________________________________________________________________
Add data point ([[-0.55337259]], [[0.82372698]]):

Posterior mean:
[[1.28106868]
 [2.30172743]
 [2.30625293]
 [2.19171269]]

Poseterior variance:
[[ 0.08482096  0.02168781 -0.11381782 -0.01372276]
 [ 0.02168781  0.29080016 -0.02283045 -0.30100633]
 [-0.11381782 -0.02283045  0.35997002 -0.04013006]
 [-0.01372276 -0.30100633 -0.04013006  0.58004396]]

Predictive distribution ~ N([0.34218397], [1.0906725])
________________________________________________________________________________
Add data point ([[-0.51170443]], [[0.6106096]]):

Posterior mean:
[[1.28937804]
 [2.28488278]
 [2.30579833]
 [2.20116946]]

Poseterior variance:
[[ 0.08289211  0.02559795 -0.11371229 -0.01591795]
 [ 0.02559795  0.28287357 -0.02304437 -0.29655626]
 [-0.11371229 -0.02304437  0.35996424 -0.04000996]
 [-0.01591795 -0.29655626 -0.04000996  0.57754564]]

Predictive distribution ~ N([0.42902232], [1.07884518])
________________________________________________________________________________
Add data point ([[-0.05997258]], [[1.33448655]]):

Posterior mean:
[[1.3024438 ]
 [2.28627316]
 [2.2878783 ]
 [2.20142751]]

Poseterior variance:
[[ 0.0768246   0.02495228 -0.10539054 -0.01603778]
 [ 0.02495228  0.28280486 -0.02215882 -0.29656901]
 [-0.10539054 -0.02215882  0.34855074 -0.03984561]
 [-0.01603778 -0.29656901 -0.03984561  0.57754327]]

Predictive distribution ~ N([1.17308407], [1.07410414])
________________________________________________________________________________
Add data point ([[0.45674107]], [[2.60792674]]):

Posterior mean:
[[1.27740549]
 [2.23935954]
 [2.30590843]
 [2.24197018]]

Poseterior variance:
[[ 0.0730195   0.01782276 -0.10265048 -0.00987647]
 [ 0.01782276  0.26944648 -0.01702484 -0.28502472]
 [-0.10265048 -0.01702484  0.34657762 -0.04428238]
 [-0.00987647 -0.28502472 -0.04428238  0.56756672]]

Predictive distribution ~ N([2.99487312], [1.09122244])
________________________________________________________________________________
Add data point ([[-0.97905516]], [[-4.39880476]]):

Posterior mean:
[[1.35643798]
 [2.22713969]
 [1.62811396]
 [2.96245689]]

Poseterior variance:
[[ 0.07228077  0.01793698 -0.09631505 -0.01661095]
 [ 0.01793698  0.26942882 -0.01800441 -0.28398345]
 [-0.09631505 -0.01800441  0.292244    0.01347355]
 [-0.01661095 -0.28398345  0.01347355  0.50617292]]

Predictive distribution ~ N([-2.04361148], [1.34396698])
________________________________________________________________________________
Add data point ([[0.35489847]], [[0.83690663]]):

Posterior mean:
[[1.25688066]
 [2.0779012 ]
 [1.72694567]
 [3.10333712]]

Poseterior variance:
[[ 0.06830599  0.0119787  -0.09236923 -0.01098637]
 [ 0.0119787   0.26049723 -0.01208956 -0.27555208]
 [-0.09236923 -0.01208956  0.28832694  0.00788996]
 [-0.01098637 -0.27555208  0.00788996  0.49821376]]

Predictive distribution ~ N([2.35055921], [1.08120306])
________________________________________________________________________________
Add data point ([[0.15089049]], [[0.74991244]]):

Posterior mean:
[[1.20175543]
 [2.03730026]
 [1.79798991]
 [3.14443274]]

Poseterior variance:
[[ 0.06400148  0.00880833 -0.08682167 -0.00777737]
 [ 0.00880833  0.25816218 -0.00800366 -0.27318858]
 [-0.08682167 -0.00800366  0.28117736  0.00375428]
 [-0.00777737 -0.27318858  0.00375428  0.49582146]]

Predictive distribution ~ N([1.56090379], [1.06834452])
________________________________________________________________________________
Add data point ([[0.59559583]], [[4.47035518]]):

Posterior mean:
[[1.22725007]
 [2.1079609 ]
 [1.80418791]
 [3.09982473]]

Poseterior variance:
[[ 0.06275538  0.00535466 -0.08712461 -0.00559708]
 [ 0.00535466  0.24859004 -0.00884328 -0.2671457 ]
 [-0.08712461 -0.00884328  0.28110372  0.00428433]
 [-0.00559708 -0.2671457   0.00428433  0.49200659]]

Predictive distribution ~ N([3.77767611], [1.08014759])
________________________________________________________________________________
Add data point ([[-0.20101835]], [[1.17963114]]):

Posterior mean:
[[1.2452234 ]
 [2.0947431 ]
 [1.78132971]
 [3.11349859]]

Poseterior variance:
[[ 0.05956983  0.00769735 -0.08307328 -0.0080206 ]
 [ 0.00769735  0.2468672  -0.01182267 -0.26536341]
 [-0.08307328 -0.01182267  0.2759513   0.00736653]
 [-0.0080206  -0.26536341  0.00736653  0.49016281]]

Predictive distribution ~ N([0.87083183], [1.05967087])
________________________________________________________________________________
Add data point ([[-0.68034478]], [[0.56261895]]):

Posterior mean:
[[1.26038457]
 [2.02706643]
 [1.82282634]
 [3.13126557]]

Poseterior variance:
[[ 0.05925924  0.00908379 -0.08392339 -0.00838458]
 [ 0.00908379  0.24067841 -0.00802796 -0.26373868]
 [-0.08392339 -0.00802796  0.27362453  0.00637031]
 [-0.00838458 -0.26373868  0.00637031  0.48973627]]

Predictive distribution ~ N([-0.26105813], [1.08326947])
________________________________________________________________________________
Add data point ([[0.32695995]], [[1.03566651]]):

Posterior mean:
[[1.20136796]
 [1.94048869]
 [1.88642231]
 [3.21686109]]

Poseterior variance:
[[ 0.05663649  0.0052362  -0.08109713 -0.00458064]
 [ 0.0052362   0.23503398 -0.00388182 -0.25815829]
 [-0.08109713 -0.00388182  0.27057897  0.00227121]
 [-0.00458064 -0.25815829  0.00227121  0.48421919]]

Predictive distribution ~ N([2.14993264], [1.06505595])
________________________________________________________________________________
Add data point ([[-0.57041705]], [[-0.19781794]]):

Posterior mean:
[[1.1932322 ]
 [1.96427135]
 [1.88389432]
 [3.20136526]]

Poseterior variance:
[[ 0.05589641  0.00739963 -0.08132709 -0.00599024]
 [ 0.00739963  0.22870978 -0.00320958 -0.25403769]
 [-0.08132709 -0.00320958  0.27050752  0.00183321]
 [-0.00599024 -0.25403769  0.00183321  0.48153438]]

Predictive distribution ~ N([0.09157887], [1.0635775])
________________________________________________________________________________
Add data point ([[0.94848093]], [[10.17411837]]):

Posterior mean:
[[1.16080427]
 [1.974145  ]
 [2.22284573]
 [3.55096035]]

Poseterior variance:
[[ 0.05571134  0.00745598 -0.07939273 -0.00399513]
 [ 0.00745598  0.22869262 -0.00379856 -0.25464517]
 [-0.07939273 -0.00379856  0.25028863 -0.01902058]
 [-0.00399513 -0.25464517 -0.01902058  0.46002573]]

Predictive distribution ~ N([8.06287413], [1.21556083])
________________________________________________________________________________
Add data point ([[-0.90644944]], [[-1.62077299]]):

Posterior mean:
[[1.16270786]
 [1.976049  ]
 [2.20226178]
 [3.56976358]]

Poseterior variance:
[[ 0.05556563  0.00731024 -0.07781714 -0.00543442]
 [ 0.00731024  0.22854685 -0.00222263 -0.25608476]
 [-0.07781714 -0.00222263  0.23325143 -0.00345728]
 [-0.00543442 -0.25608476 -0.00345728  0.44580882]]

Predictive distribution ~ N([-1.47769629], [1.1768504])
________________________________________________________________________________
Add data point ([[-0.55371233]], [[-0.58827578]]):

Posterior mean:
[[1.14312108]
 [2.02843618]
 [2.20533545]
 [3.52890727]]

Poseterior variance:
[[ 0.05479452  0.00937267 -0.07769613 -0.00704289]
 [ 0.00937267  0.22303064 -0.00254628 -0.25178272]
 [-0.07769613 -0.00254628  0.23323244 -0.00320487]
 [-0.00704289 -0.25178272 -0.00320487  0.44245369]]

Predictive distribution ~ N([0.0970099], [1.05608224])
________________________________________________________________________________
Add data point ([[-0.07112744]], [[0.85173221]]):

Posterior mean:
[[1.13511514]
 [2.02939164]
 [2.21670789]
 [3.5273146 ]]

Poseterior variance:
[[ 0.05205426  0.0096997  -0.07380358 -0.00758803]
 [ 0.0096997   0.22299161 -0.00301083 -0.25171766]
 [-0.07380358 -0.00301083  0.22770307 -0.0024305 ]
 [-0.00758803 -0.25171766 -0.0024305   0.44234524]]

Predictive distribution ~ N([1.00071501], [1.05105644])
________________________________________________________________________________
Add data point ([[-0.21873722]], [[0.50682536]]):

Posterior mean:
[[1.12390329]
 [2.03821685]
 [2.23171745]
 [3.51700839]]

Poseterior variance:
[[ 4.99987481e-02  1.13176596e-02 -7.10518219e-02 -9.47750438e-03]
 [ 1.13176596e-02  2.21718064e-01 -5.17682441e-03 -2.50230394e-01]
 [-7.10518219e-02 -5.17682441e-03  2.24019231e-01  9.89872386e-05]
 [-9.47750438e-03 -2.50230394e-01  9.89872386e-05  4.40608390e-01]]

Predictive distribution ~ N([0.74804015], [1.04857885])
________________________________________________________________________________
Add data point ([[0.71929571]], [[7.38620226]]):

Posterior mean:
[[1.16233098]
 [2.19965842]
 [2.32033398]
 [3.4622404 ]]

Poseterior variance:
[[ 0.04970468  0.01008221 -0.07172997 -0.00905839]
 [ 0.01008221  0.21652772 -0.00802584 -0.2484696 ]
 [-0.07172997 -0.00802584  0.22245538  0.0010655 ]
 [-0.00905839 -0.2484696   0.0010655   0.44001105]]

Predictive distribution ~ N([5.23353066], [1.07717217])
________________________________________________________________________________
Add data point ([[-0.90284519]], [[-1.34054186]]):

Posterior mean:
[[1.16099464]
 [2.19857353]
 [2.33418099]
 [3.4493934 ]]

Poseterior variance:
[[ 0.04959753  0.00999522 -0.07061968 -0.01008849]
 [ 0.00999522  0.2164571  -0.00712447 -0.24930588]
 [-0.07061968 -0.00712447  0.21095071  0.01173933]
 [-0.01008849 -0.24930588  0.01173933  0.43010807]]

Predictive distribution ~ N([-1.45984895], [1.145927])
________________________________________________________________________________
Add data point ([[0.05864394]], [[0.79889219]]):

Posterior mean:
[[1.13724877]
 [2.18782042]
 [2.36761319]
 [3.46108196]]

Poseterior variance:
[[ 0.0472247   0.00892071 -0.06727895 -0.0089205 ]
 [ 0.00892071  0.21597052 -0.00561165 -0.24877697]
 [-0.06727895 -0.00561165  0.20624722  0.0100949 ]
 [-0.0089205  -0.24877697  0.0100949   0.42953315]]

Predictive distribution ~ N([1.27439171], [1.0485417])
________________________________________________________________________________
Add data point ([[-0.16194673]], [[0.39343277]]):

Posterior mean:
[[1.11885528]
 [2.19831937]
 [2.39308395]
 [3.4486361 ]]

Poseterior variance:
[[ 0.04537005  0.00997934 -0.06471068 -0.01017544]
 [ 0.00997934  0.21536626 -0.0070776  -0.24806065]
 [-0.06471068 -0.0070776   0.20269077  0.0118327 ]
 [-0.01017544 -0.24806065  0.0118327   0.428684  ]]

Predictive distribution ~ N([0.81095994], [1.04434169])
________________________________________________________________________________
Add data point ([[-0.30937807]], [[-0.77191388]]):

Posterior mean:
[[1.07232354]
 [2.2622309 ]
 [2.4486697 ]
 [3.37829873]]

Poseterior variance:
[[ 0.04410412  0.0117181  -0.06319843 -0.01208902]
 [ 0.0117181   0.21297806 -0.00915469 -0.24543234]
 [-0.06319843 -0.00915469  0.20088427  0.01411862]
 [-0.01208902 -0.24543234  0.01411862  0.42579142]]

Predictive distribution ~ N([0.50677445], [1.04403544])
________________________________________________________________________________
Add data point ([[-0.59838093]], [[-0.39345444]]):

Posterior mean:
[[1.06802031]
 [2.2789902 ]
 [2.44584779]
 [3.36603521]]

Poseterior variance:
[[ 0.04382725  0.01279641 -0.06337999 -0.01287807]
 [ 0.01279641  0.20877851 -0.00844758 -0.24235934]
 [-0.06337999 -0.00844758  0.2007652   0.01360119]
 [-0.01287807 -0.24235934  0.01360119  0.42354278]]

Predictive distribution ~ N([-0.14111799], [1.04797022])
________________________________________________________________________________
Add data point ([[0.09216448]], [[2.15648952]]):

Posterior mean:
[[1.10433231]
 [2.30494452]
 [2.39484673]
 [3.33763793]]

Poseterior variance:
[[ 0.04193914  0.01144686 -0.0607281  -0.0114015 ]
 [ 0.01144686  0.20781392 -0.00655211 -0.24130395]
 [-0.0607281  -0.00655211  0.19704055  0.01152732]
 [-0.0114015  -0.24130395  0.01152732  0.42238805]]

Predictive distribution ~ N([1.3397218], [1.04473437])
________________________________________________________________________________
Add data point ([[0.90278696]], [[8.87373242]]):

Posterior mean:
[[1.09813363]
 [2.32280719]
 [2.50801033]
 [3.43810377]]

Poseterior variance:
[[ 0.04191198  0.01152511 -0.06023238 -0.01096141]
 [ 0.01152511  0.20758843 -0.00798061 -0.24257216]
 [-0.06023238 -0.00798061  0.18799075  0.00349297]
 [-0.01096141 -0.24257216  0.00349297  0.41525521]]

Predictive distribution ~ N([7.76895684], [1.13747107])
________________________________________________________________________________
Add data point ([[0.86900714]], [[6.39299103]]):

Posterior mean:
[[1.09872261]
 [2.30188878]
 [2.44762656]
 [3.39628323]]

Poseterior variance:
[[ 4.19114756e-02  1.15431087e-02 -6.01804263e-02 -1.09254217e-02]
 [ 1.15431087e-02  2.06949189e-01 -9.82586033e-03 -2.43850144e-01]
 [-6.01804263e-02 -9.82586033e-03  1.82664176e-01 -1.96106851e-04]
 [-1.09254217e-02 -2.43850144e-01 -1.96106851e-04  4.12700231e-01]]

Predictive distribution ~ N([7.17627739], [1.10370995])
________________________________________________________________________________
Add data point ([[0.29675713]], [[1.13520853]]):

Posterior mean:
[[1.06283185]
 [2.24255307]
 [2.49007533]
 [3.46176102]]

Poseterior variance:
[[ 0.04041113  0.00906268 -0.05840593 -0.00818824]
 [ 0.00906268  0.20284848 -0.00689221 -0.23932495]
 [-0.05840593 -0.00689221  0.18056544 -0.00343343]
 [-0.00818824 -0.23932495 -0.00343343  0.40770661]]

Predictive distribution ~ N([2.03808258], [1.05052942])
________________________________________________________________________________
Add data point ([[0.38089838]], [[3.01372452]]):

Posterior mean:
[[1.08088457]
 [2.27980982]
 [2.47197767]
 [3.42181093]]

Poseterior variance:
[[ 0.03925203  0.00667057 -0.05724395 -0.00562319]
 [ 0.00667057  0.19791169 -0.00449414 -0.23403127]
 [-0.05724395 -0.00449414  0.17940057 -0.00600486]
 [-0.00562319 -0.23403127 -0.00600486  0.40203025]]

Predictive distribution ~ N([2.49700027], [1.05037421])
________________________________________________________________________________
Add data point ([[0.13084578]], [[1.47153059]]):

Posterior mean:
[[1.08247477]
 [2.28110877]
 [2.46975185]
 [3.42037047]]

Poseterior variance:
[[ 0.03778284  0.00547046 -0.0551875  -0.00429235]
 [ 0.00547046  0.19693137 -0.00281432 -0.23294417]
 [-0.0551875  -0.00281432  0.17652213 -0.00786767]
 [-0.00429235 -0.23294417 -0.00786767  0.40082472]]

Predictive distribution ~ N([1.43089408], [1.04058106])
________________________________________________________________________________
Add data point ([[-0.48399712]], [[-0.11298081]]):

Posterior mean:
[[1.07634173]
 [2.29842969]
 [2.47288201]
 [3.40384086]]

Poseterior variance:
[[ 0.03728956  0.00686358 -0.05493575 -0.00562182]
 [ 0.00686358  0.19299693 -0.00352534 -0.22918947]
 [-0.05493575 -0.00352534  0.17639364 -0.00718913]
 [-0.00562182 -0.22918947 -0.00718913  0.39724155]]

Predictive distribution ~ N([0.15726867], [1.04220665])
________________________________________________________________________________
Add data point ([[-0.61616356]], [[-0.94064585]]):

Posterior mean:
[[1.06674383]
 [2.34087   ]
 [2.46160251]
 [3.37548497]]

Poseterior variance:
[[ 0.03711502  0.0076354  -0.05514087 -0.00613751]
 [ 0.0076354   0.18958406 -0.00261829 -0.22690921]
 [-0.05514087 -0.00261829  0.17615257 -0.00779516]
 [-0.00613751 -0.22690921 -0.00779516  0.39571803]]

Predictive distribution ~ N([-0.23068006], [1.04492704])
________________________________________________________________________________
Add data point ([[-0.30011833]], [[1.62718046]]):

Posterior mean:
[[1.09949295]
 [2.29356789]
 [2.41984844]
 [3.43063945]]

Poseterior variance:
[[ 0.03624683  0.00888939 -0.05403397 -0.00759966]
 [ 0.00888939  0.18777283 -0.00421709 -0.22479731]
 [-0.05403397 -0.00421709  0.17474129 -0.00593096]
 [-0.00759966 -0.22479731 -0.00593096  0.39325554]]

Predictive distribution ~ N([0.53637246], [1.03681547])
________________________________________________________________________________
Add data point ([[0.78314465]], [[7.68000505]]):

Posterior mean:
[[1.10939058]
 [2.36355136]
 [2.49230457]
 [3.43310743]]

Poseterior variance:
[[ 0.03620839  0.00861755 -0.05431541 -0.00760925]
 [ 0.00861755  0.18585075 -0.00620708 -0.22486509]
 [-0.05431541 -0.00620708  0.17268099 -0.00600114]
 [-0.00760925 -0.22486509 -0.00600114  0.39325315]]

Predictive distribution ~ N([6.13793458], [1.06676879])
________________________________________________________________________________
Add data point ([[0.89553607]], [[7.45397842]]):

Posterior mean:
[[1.11047577]
 [2.36172632]
 [2.47649232]
 [3.41850038]]

Poseterior variance:
[[ 0.03618499  0.0086569  -0.0539745  -0.00729433]
 [ 0.0086569   0.18578458 -0.0067804  -0.22539471]
 [-0.0539745  -0.0067804   0.16771369 -0.01058983]
 [-0.00729433 -0.22539471 -0.01058983  0.38901421]]

Predictive distribution ~ N([7.66678495], [1.10028954])
________________________________________________________________________________
Add data point ([[-0.2398788]], [[2.82191008]]):

Posterior mean:
[[1.17600086]
 [2.29180956]
 [2.38684974]
 [3.50444115]]

Poseterior variance:
[[ 0.03525124  0.00965323 -0.05269707 -0.008519  ]
 [ 0.00965323  0.18472147 -0.00814345 -0.22408795]
 [-0.05269707 -0.00814345  0.16596609 -0.0089144 ]
 [-0.008519   -0.22408795 -0.0089144   0.38740795]]

Predictive distribution ~ N([0.71521602], [1.03479821])
________________________________________________________________________________
Add data point ([[-0.69179812]], [[1.21156694]]):

Posterior mean:
[[1.18562341]
 [2.21724052]
 [2.44189616]
 [3.52622134]]

Poseterior variance:
[[ 0.03521499  0.00993411 -0.05290442 -0.00860104]
 [ 0.00993411  0.1825448  -0.00653665 -0.22345219]
 [-0.05290442 -0.00653665  0.16477995 -0.00938371]
 [-0.00860104 -0.22345219 -0.00938371  0.38722226]]

Predictive distribution ~ N([-0.34708071], [1.04901955])
________________________________________________________________________________
Add data point ([[0.74570433]], [[4.54044528]]):

Posterior mean:
[[1.17540585]
 [2.16447999]
 [2.41013292]
 [3.54729771]]

Poseterior variance:
[[ 0.03512697  0.00947957 -0.05317806 -0.00841947]
 [ 0.00947957  0.18019769 -0.00794967 -0.22251458]
 [-0.05317806 -0.00794967  0.16392927 -0.00881925]
 [-0.00841947 -0.22251458 -0.00881925  0.38684771]]

Predictive distribution ~ N([5.60063157], [1.05228023])
________________________________________________________________________________
Add data point ([[0.16625241]], [[0.87655361]]):

Posterior mean:
[[1.15030793]
 [2.13724185]
 [2.44579561]
 [3.5785889 ]]

Poseterior variance:
[[ 0.03393592  0.00818695 -0.05148565 -0.0069345 ]
 [ 0.00818695  0.17879484 -0.00611293 -0.22090299]
 [-0.05148565 -0.00611293  0.16152445 -0.01092929]
 [-0.0069345  -0.22090299 -0.01092929  0.38499631]]

Predictive distribution ~ N([1.5896753], [1.03842519])
________________________________________________________________________________
Add data point ([[-0.34572736]], [[-0.15093372]]):

Posterior mean:
[[1.13307591]
 [2.16812352]
 [2.46601541]
 [3.54293296]]

Poseterior variance:
[[ 0.0333206   0.00928966 -0.05076364 -0.0082077 ]
 [ 0.00928966  0.17681866 -0.00740684 -0.21862129]
 [-0.05076364 -0.00740684  0.16067726 -0.00943535]
 [-0.0082077  -0.21862129 -0.00943535  0.38236187]]

Predictive distribution ~ N([0.53184492], [1.03398203])
________________________________________________________________________________
Add data point ([[-0.28473949]], [[1.26492173]]):

Posterior mean:
[[1.1494124 ]
 [2.1457641 ]
 [2.44438975]
 [3.57008004]]

Poseterior variance:
[[ 0.03262812  0.01023744 -0.04984697 -0.00935841]
 [ 0.01023744  0.17552145 -0.00866147 -0.21704633]
 [-0.04984697 -0.00866147  0.1594638  -0.00791207]
 [-0.00935841 -0.21704633 -0.00791207  0.38044967]]

Predictive distribution ~ N([0.65419357], [1.03220508])
________________________________________________________________________________
Add data point ([[-0.55839491]], [[1.03973955]]):

Posterior mean:
[[1.16129657]
 [2.09759683]
 [2.44995651]
 [3.60951452]]

Poseterior variance:
[[ 0.03246516  0.01089794 -0.0499233  -0.00989916]
 [ 0.01089794  0.17284442 -0.00835209 -0.21485465]
 [-0.0499233  -0.00835209  0.15942804 -0.00816537]
 [-0.00989916 -0.21485465 -0.00816537  0.37865534]]

Predictive distribution ~ N([0.12546407], [1.0354989])
________________________________________________________________________________
Add data point ([[-0.96721637]], [[-1.50099672]]):

Posterior mean:
[[1.15680563]
 [2.10620157]
 [2.48251019]
 [3.56627153]]

Poseterior variance:
[[ 0.03225655  0.01129764 -0.04841112 -0.01190788]
 [ 0.01129764  0.17207858 -0.01124945 -0.21100591]
 [-0.04841112 -0.01124945  0.14846666  0.00639529]
 [-0.01190788 -0.21100591  0.00639529  0.35931355]]

Predictive distribution ~ N([-1.78483872], [1.16666699])
________________________________________________________________________________
Add data point ([[-0.30206924]], [[1.34587315]]):

Posterior mean:
[[1.1735337 ]
 [2.08194709]
 [2.46112785]
 [3.59499803]]

Poseterior variance:
[[ 0.03166249  0.01215899 -0.04765177 -0.01292804]
 [ 0.01215899  0.17082969 -0.01235045 -0.20952675]
 [-0.04765177 -0.01235045  0.14749603  0.0076993 ]
 [-0.01292804 -0.20952675  0.0076993   0.35756167]]

Predictive distribution ~ N([0.67012182], [1.03057367])
________________________________________________________________________________
Add data point ([[0.07946982]], [[1.46071652]]):

Posterior mean:
[[1.17679646]
 [2.08452647]
 [2.45631287]
 [3.59203511]]

Poseterior variance:
[[ 0.0306522   0.01136031 -0.04616086 -0.0120106 ]
 [ 0.01136031  0.17019829 -0.01117181 -0.20880147]
 [-0.04616086 -0.01117181  0.14529583  0.0063454 ]
 [-0.0120106  -0.20880147  0.0063454   0.35672854]]

Predictive distribution ~ N([1.35976893], [1.03291563])
________________________________________________________________________________
Add data point ([[-0.0596722]], [[-0.74208767]]):

Posterior mean:
[[1.12460393]
 [2.08241025]
 [2.53505589]
 [3.59134212]]

Poseterior variance:
[[ 0.02978895  0.01132531 -0.04485847 -0.01202206]
 [ 0.01132531  0.17019687 -0.011119   -0.20880193]
 [-0.04485847 -0.011119    0.14333091  0.00636269]
 [-0.01202206 -0.20880193  0.00636269  0.35672839]]

Predictive distribution ~ N([1.0086056], [1.02873027])
________________________________________________________________________________
Add data point ([[0.51502167]], [[3.84905762]]):

Posterior mean:
[[1.13494223]
 [2.11401722]
 [2.52957902]
 [3.55897066]]

Poseterior variance:
[[ 0.02932207  0.00989793 -0.04461113 -0.01056016]
 [ 0.00989793  0.16583299 -0.01036282 -0.2043325 ]
 [-0.04461113 -0.01036282  0.14319988  0.00558822]
 [-0.01056016 -0.2043325   0.00558822  0.35215085]]

Predictive distribution ~ N([3.38085524], [1.0424213])
________________________________________________________________________________
Add data point ([[0.70704788]], [[2.79005707]]):

Posterior mean:
[[1.11172404]
 [2.00172883]
 [2.48076495]
 [3.62164729]]

Poseterior variance:
[[ 0.02922097  0.00940898 -0.04482369 -0.01028724]
 [ 0.00940898  0.16346829 -0.01139081 -0.20301258]
 [-0.04482369 -0.01139081  0.142753    0.00616202]
 [-0.01028724 -0.20301258  0.00616202  0.3514141 ]]

Predictive distribution ~ N([5.04734369], [1.044392])
________________________________________________________________________________
Add data point ([[0.44105523]], [[3.33725996]]):

Posterior mean:
[[1.12426718]
 [2.03438056]
 [2.46939302]
 [3.58551049]]

Poseterior variance:
[[ 0.02867827  0.00799623 -0.04433166 -0.00872371]
 [ 0.00799623  0.15979071 -0.01010998 -0.19894247]
 [-0.04433166 -0.01010998  0.14230691  0.00474448]
 [-0.00872371 -0.19894247  0.00474448  0.34690957]]

Predictive distribution ~ N([2.80954257], [1.03937698])
________________________________________________________________________________
Add data point ([[-0.15362287]], [[0.73983]]):

Posterior mean:
[[1.12125336]
 [2.03621251]
 [2.47388918]
 [3.58315137]]

Poseterior variance:
[[ 0.02799841  0.00840948 -0.04331742 -0.00925588]
 [ 0.00840948  0.15953951 -0.01072648 -0.198619  ]
 [-0.04331742 -0.01072648  0.14079382  0.0055384 ]
 [-0.00925588 -0.198619    0.0055384   0.34649301]]

Predictive distribution ~ N([0.8538376], [1.02714085])
________________________________________________________________________________
Add data point ([[-0.35061783]], [[1.1310455]]):

Posterior mean:
[[1.1324743 ]
 [2.01374934]
 [2.46135044]
 [3.60887317]]

Poseterior variance:
[[ 0.02760505  0.00919695 -0.04287787 -0.01015758]
 [ 0.00919695  0.15796308 -0.01160643 -0.19681388]
 [-0.04287787 -0.01160643  0.14030264  0.006546  ]
 [-0.01015758 -0.19681388  0.006546    0.34442603]]

Predictive distribution ~ N([0.57344745], [1.02865078])
________________________________________________________________________________
Add data point ([[-0.43033081]], [[0.92359609]]):

Posterior mean:
[[1.1403247 ]
 [1.99224426]
 [2.45544568]
 [3.63183157]]

Poseterior variance:
[[ 0.02734016  0.00992258 -0.04267863 -0.01093225]
 [ 0.00992258  0.15597532 -0.01215222 -0.19469179]
 [-0.04267863 -0.01215222  0.14015278  0.00712867]
 [-0.01093225 -0.19469179  0.00712867  0.34216053]]

Predictive distribution ~ N([0.44828837], [1.02897235])
________________________________________________________________________________
Add data point ([[-0.00980983]], [[0.85869107]]):

Posterior mean:
[[1.13336825]
 [1.99010117]
 [2.46631142]
 [3.63413568]]

Poseterior variance:
[[ 0.02661782  0.00970005 -0.04155037 -0.010693  ]
 [ 0.00970005  0.15590677 -0.01180464 -0.19461808]
 [-0.04155037 -0.01180464  0.13839048  0.00675497]
 [-0.010693   -0.19461808  0.00675497  0.34208128]]

Predictive distribution ~ N([1.1140796], [1.02643456])
________________________________________________________________________________
Add data point ([[-0.2780074]], [[0.51364855]]):

Posterior mean:
[[1.12971692]
 [1.9953976 ]
 [2.4711447 ]
 [3.62775633]]

Poseterior variance:
[[ 0.02619066  0.01031967 -0.04098493 -0.01143931]
 [ 0.01031967  0.15500798 -0.01262483 -0.19353552]
 [-0.04098493 -0.01262483  0.137642    0.00774287]
 [-0.01143931 -0.19353552  0.00774287  0.34077738]]

Predictive distribution ~ N([0.68802334], [1.02577353])
________________________________________________________________________________
Add data point ([[-0.78415838]], [[-1.30129963]]):

Posterior mean:
[[1.13067173]
 [2.01083921]
 [2.44118253]
 [3.63932338]]

Poseterior variance:
[[ 0.02618828  0.01028116 -0.0409102  -0.01146815]
 [ 0.01028116  0.15438519 -0.0114164  -0.19400204]
 [-0.0409102  -0.0114164   0.13529721  0.00864808]
 [-0.01146815 -0.19400204  0.00864808  0.34042791]]

Predictive distribution ~ N([-0.69986862], [1.05522449])
________________________________________________________________________________
Add data point ([[0.7511917]], [[6.62249252]]):

Posterior mean:
[[1.13671114]
 [2.04888446]
 [2.47208977]
 [3.63120623]]

Poseterior variance:
[[ 0.02615433  0.01006729 -0.04108395 -0.01142252]
 [ 0.01006729  0.15303789 -0.01251092 -0.19371459]
 [-0.04108395 -0.01251092  0.13440805  0.0088816 ]
 [-0.01142252 -0.19371459  0.0088816   0.34036658]]

Predictive distribution ~ N([5.61001825], [1.0458193])
________________________________________________________________________________
Add data point ([[0.50435852]], [[1.59005921]]):

Posterior mean:
[[1.105547  ]
 [1.95334129]
 [2.49155422]
 [3.73316923]]

Poseterior variance:
[[ 0.0257949   0.00896535 -0.04085946 -0.01024654]
 [ 0.00896535  0.14965955 -0.01182267 -0.19010925]
 [-0.04085946 -0.01182267  0.13426783  0.00814711]
 [-0.01024654 -0.19010925  0.00814711  0.33651899]]

Predictive distribution ~ N([3.20348282], [1.03661412])
________________________________________________________________________________
Add data point ([[0.97573074]], [[9.34959648]]):

Posterior mean:
[[1.09953057]
 [1.93909201]
 [2.52754279]
 [3.78720321]]

Poseterior variance:
[[ 0.0256273   0.00856841 -0.03985693 -0.00874132]
 [ 0.00856841  0.14871944 -0.00944829 -0.1865443 ]
 [-0.03985693 -0.00944829  0.12827099 -0.00085668]
 [-0.00874132 -0.1865443  -0.00085668  0.32300052]]

Predictive distribution ~ N([8.91601382], [1.12956235])
________________________________________________________________________________
Add data point ([[-0.69211413]], [[-0.21767452]]):

Posterior mean:
[[1.09976574]
 [1.93660513]
 [2.52945022]
 [3.78806736]]

Poseterior variance:
[[ 0.02561549  0.00869335 -0.03995276 -0.00878474]
 [ 0.00869335  0.14739819 -0.00843489 -0.18608519]
 [-0.03995276 -0.00843489  0.12749371 -0.00120882]
 [-0.00878474 -0.18608519 -0.00120882  0.32284099]]

Predictive distribution ~ N([-0.2848116], [1.03705607])
________________________________________________________________________________
Add data point ([[-0.72815742]], [[0.80973597]]):

Posterior mean:
[[1.10154533]
 [1.89935104]
 [2.57026739]
 [3.78977324]]

Poseterior variance:
[[ 0.02561334  0.00873816 -0.04000186 -0.00878679]
 [ 0.00873816  0.14646    -0.00740697 -0.18604223]
 [-0.04000186 -0.00740697  0.12636748 -0.00125588]
 [-0.00878679 -0.18604223 -0.00125588  0.32283902]]

Predictive distribution ~ N([-0.38184215], [1.04018601])
________________________________________________________________________________
Add data point ([[0.68236169]], [[5.15133334]]):

Posterior mean:
[[1.10500192]
 [1.91504345]
 [2.57482137]
 [3.77829034]]

Poseterior variance:
[[ 0.02551384  0.00828643 -0.04013295 -0.00845624]
 [ 0.00828643  0.14440922 -0.00800211 -0.18454157]
 [-0.04013295 -0.00800211  0.12619477 -0.00082039]
 [-0.00845624 -0.18454157 -0.00082039  0.32174091]]

Predictive distribution ~ N([4.81107269], [1.03580802])
________________________________________________________________________________
Add data point ([[-0.80930879]], [[0.74999675]]):

Posterior mean:
[[1.10072356]
 [1.89219085]
 [2.64540708]
 [3.73518003]]

Poseterior variance:
[[ 0.02550536  0.00824112 -0.039993   -0.00854171]
 [ 0.00824112  0.1441672  -0.00725457 -0.18499813]
 [-0.039993   -0.00725457  0.12388582  0.0005898 ]
 [-0.00854171 -0.18499813  0.0005898   0.32087964]]

Predictive distribution ~ N([-0.67790289], [1.05512221])
________________________________________________________________________________
Add data point ([[-0.46086521]], [[0.68080124]]):

Posterior mean:
[[1.10422521]
 [1.88181416]
 [2.64281633]
 [3.74650396]]

Poseterior variance:
[[ 0.02531309  0.00881088 -0.03985075 -0.00916348]
 [ 0.00881088  0.1424788  -0.00767611 -0.18315561]
 [-0.03985075 -0.00767611  0.12378058  0.00104982]
 [-0.00916348 -0.18315561  0.00104982  0.31886892]]

Predictive distribution ~ N([0.4315568], [1.02589279])
________________________________________________________________________________
Add data point ([[-0.45182764]], [[0.32104449]]):

Posterior mean:
[[1.10248853]
 [1.88679072]
 [2.64420273]
 [3.74101346]]

Poseterior variance:
[[ 0.02512089  0.00936166 -0.03969731 -0.00977114]
 [ 0.00936166  0.1409005  -0.00811581 -0.18141432]
 [-0.03969731 -0.00811581  0.12365808  0.00153493]
