Add data point ([[0.53371717]], [[5.59259472]]):

Posterior mean:
[[2.34087009]
 [1.24936255]
 [0.66680624]
 [0.35588594]]

Poseterior variance:
[[ 0.58143398 -0.22339587 -0.11923021 -0.06363521]
 [-0.22339587  0.88076979 -0.06363521 -0.0339632 ]
 [-0.11923021 -0.06363521  0.9660368  -0.01812674]
 [-0.06363521 -0.0339632  -0.01812674  0.99032545]]

Predictive distribution ~ N([3.25172463], [1.58143398])
________________________________________________________________________________
Add data point ([[0.99869964]], [[10.82961764]]):

Posterior mean:
[[2.66656427]
 [2.28355488]
 [2.07801741]
 [1.96720121]]

Poseterior variance:
[[ 0.57221923 -0.25265592 -0.15915713 -0.1092236 ]
 [-0.25265592  0.78785895 -0.19041706 -0.17872221]
 [-0.15915713 -0.19041706  0.79303613 -0.21565822]
 [-0.1092236  -0.17872221 -0.21565822  0.7647848 ]]

Predictive distribution ~ N([8.97930327], [1.70259052])
________________________________________________________________________________
Add data point ([[0.24942768]], [[0.52305105]]):

Posterior mean:
[[1.69244488]
 [2.42208047]
 [2.39253093]
 [2.27131991]]

Poseterior variance:
[[ 0.40349628 -0.22866251 -0.10468162 -0.05654854]
 [-0.22866251  0.78444694 -0.1981638  -0.18621292]
 [-0.10468162 -0.1981638   0.77544765 -0.23266539]
 [-0.05654854 -0.18621292 -0.23266539  0.74833972]]

Predictive distribution ~ N([2.48067429], [1.3185908])
________________________________________________________________________________
Add data point ([[-0.99865338]], [[-1.59781777]]):

Posterior mean:
[[1.56463765]
 [2.64631716]
 [2.15207547]
 [2.4569639 ]]

Poseterior variance:
[[ 0.3285397  -0.09715183 -0.24570431  0.05232824]
 [-0.09715183  0.55371258  0.04925929 -0.37723629]
 [-0.24570431  0.04925929  0.51012874 -0.02782554]
 [ 0.05232824 -0.37723629 -0.02782554  0.59019281]]

Predictive distribution ~ N([-1.37888407], [1.7800499])
________________________________________________________________________________
Add data point ([[-0.06679462]], [[2.00880595]]):

Posterior mean:
[[1.71696096]
 [2.58527935]
 [2.03953337]
 [2.49219196]]

Poseterior variance:
[[ 0.24543761 -0.06385181 -0.18430541  0.03310908]
 [-0.06385181  0.54036886  0.024656   -0.36953494]
 [-0.18430541  0.024656    0.46476496 -0.01362571]
 [ 0.03310908 -0.36953494 -0.01362571  0.58574796]]

Predictive distribution ~ N([1.55263493], [1.25469403])
________________________________________________________________________________
Add data point ([[-0.49121731]], [[0.90918916]]):

Posterior mean:
[[1.76257994]
 [2.52944748]
 [2.02302459]
 [2.52053638]]

Poseterior variance:
[[ 0.20618159 -0.01580739 -0.17009929  0.00871816]
 [-0.01580739  0.48156855  0.0072695  -0.33968352]
 [-0.17009929  0.0072695   0.45962399 -0.00479903]
 [ 0.00871816 -0.33968352 -0.00479903  0.57059317]]

Predictive distribution ~ N([0.70946201], [1.24752974])
________________________________________________________________________________
Add data point ([[0.5745944]], [[3.61148085]]):

Posterior mean:
[[1.6760388 ]
 [2.40875794]
 [2.03217912]
 [2.56896834]]

Poseterior variance:
[[ 0.18974097 -0.03873535 -0.16836016  0.017919  ]
 [-0.03873535  0.44959342  0.00969488 -0.3268521 ]
 [-0.16836016  0.00969488  0.45944002 -0.00577232]
 [ 0.017919   -0.3268521  -0.00577232  0.565444  ]]

Predictive distribution ~ N([4.21839148], [1.19142078])
________________________________________________________________________________
Add data point ([[-0.69827402]], [[0.46532482]]):

Posterior mean:
[[1.71112451]
 [2.34418806]
 [2.04605328]
 [2.58283388]]

Poseterior variance:
[[ 0.17703305 -0.01534837 -0.17338533  0.01289695]
 [-0.01534837  0.40655328  0.01894294 -0.31760979]
 [-0.17338533  0.01894294  0.45745288 -0.00775822]
 [ 0.01289695 -0.31760979 -0.00775822  0.56345933]]

Predictive distribution ~ N([0.19249202], [1.23156522])
________________________________________________________________________________
Add data point ([[-0.96030938]], [[0.26379927]]):

Posterior mean:
[[1.72745371]
 [2.25875488]
 [2.23536534]
 [2.43256152]]

Poseterior variance:
[[ 0.17675569 -0.01389723 -0.17660093  0.01544944]
 [-0.01389723  0.398961    0.03576673 -0.33096421]
 [-0.17660093  0.03576673  0.42017291  0.02183393]
 [ 0.01544944 -0.33096421  0.02183393  0.53996964]]

Predictive distribution ~ N([-0.53446522], [1.3371539])
________________________________________________________________________________
Add data point ([[-0.01780476]], [[1.10184154]]):

Posterior mean:
[[1.63936221]
 [2.26920328]
 [2.32353531]
 [2.42193458]]

Poseterior variance:
[[ 0.15015992 -0.01074274 -0.14998147  0.01224105]
 [-0.01074274  0.39858685  0.03260944 -0.33058366]
 [-0.14998147  0.03260944  0.39352973  0.02504518]
 [ 0.01224105 -0.33058366  0.02504518  0.53958259]]

Predictive distribution ~ N([1.5996825], [1.15057319])
________________________________________________________________________________
Add data point ([[-0.62060153]], [[0.04030618]]):

Posterior mean:
[[1.59759746]
 [2.34154947]
 [2.33423921]
 [2.37932731]]

Poseterior variance:
[[ 0.14223729  0.00298108 -0.14795097  0.0041586 ]
 [ 0.00298108  0.37481403  0.02909215 -0.316583  ]
 [-0.14795097  0.02909215  0.39300933  0.02711663]
 [ 0.0041586  -0.316583    0.02711663  0.5313371 ]]

Predictive distribution ~ N([0.47473936], [1.14277379])
________________________________________________________________________________
Add data point ([[-0.38739173]], [[-0.73680726]]):

Posterior mean:
[[1.42756994]
 [2.51273844]
 [2.4801613 ]
 [2.23603969]]

Poseterior variance:
[[ 0.12993217  0.01537025 -0.1373904  -0.00621132]
 [ 0.01537025  0.36234022  0.01845944 -0.30614224]
 [-0.1373904   0.01845944  0.38394597  0.03601637]
 [-0.00621132 -0.30614224  0.03601637  0.52259804]]

Predictive distribution ~ N([0.69636332], [1.12573495])
________________________________________________________________________________
Add data point ([[0.80234306]], [[5.75017478]]):

Posterior mean:
[[1.41014202]
 [2.45769396]
 [2.43085323]
 [2.22182775]]

Poseterior variance:
[[ 0.1279502   0.00911037 -0.14299791 -0.00782755]
 [ 0.00911037  0.34256896  0.00074862 -0.31124699]
 [-0.14299791  0.00074862  0.36808087  0.03144361]
 [-0.00782755 -0.31124699  0.03144361  0.52128004]]

Predictive distribution ~ N([6.09452852], [1.22622204])
________________________________________________________________________________
Add data point ([[0.18192871]], [[0.07899315]]):

Posterior mean:
[[1.20384809]
 [2.34269707]
 [2.64650447]
 [2.32143633]]

Poseterior variance:
[[ 0.11419503  0.00144267 -0.12861882 -0.0011859 ]
 [ 0.00144267  0.33829466  0.00876412 -0.30754465]
 [-0.12861882  0.00876412  0.35304956  0.0245007 ]
 [-0.0011859  -0.30754465  0.0245007   0.51807314]]

Predictive distribution ~ N([1.73162461], [1.11723554])
________________________________________________________________________________
Add data point ([[-0.02430538]], [[1.86968519]]):

Posterior mean:
[[1.2776991 ]
 [2.33831451]
 [2.5632414 ]
 [2.32551206]]

Poseterior variance:
[[ 0.10251358  0.00213588 -0.1154486  -0.00183059]
 [ 0.00213588  0.33825352  0.00798256 -0.3075064 ]
 [-0.1154486   0.00798256  0.33820084  0.02522754]
 [-0.00183059 -0.3075064   0.02522754  0.51803756]]

Predictive distribution ~ N([1.22234633], [1.1024729])
________________________________________________________________________________
Add data point ([[-0.1449776]], [[0.38226371]]):

Posterior mean:
[[1.22317772]
 [2.36333879]
 [2.62311277]
 [2.30272575]]

Poseterior variance:
[[ 0.09349482  0.00627532 -0.10554487 -0.00559982]
 [ 0.00627532  0.3363536   0.00343693 -0.30577639]
 [-0.10554487  0.00343693  0.32732529  0.02936664]
 [-0.00559982 -0.30577639  0.02936664  0.51646227]]

Predictive distribution ~ N([0.92866354], [1.09419677])
________________________________________________________________________________
Add data point ([[-0.70150168]], [[-0.15064686]]):

Posterior mean:
[[1.21585332]
 [2.38628045]
 [2.61505793]
 [2.29428104]]

Poseterior variance:
[[ 0.09214349  0.01050799 -0.10703097 -0.00715785]
 [ 0.01050799  0.32309593  0.00809171 -0.30089631]
 [-0.10703097  0.00809171  0.32569099  0.02765324]
 [-0.00715785 -0.30089631  0.02765324  0.51466593]]

Predictive distribution ~ N([0.0367418], [1.11548743])
________________________________________________________________________________
Add data point ([[0.69355995]], [[5.26227306]]):

Posterior mean:
[[1.23028329]
 [2.43002182]
 [2.63547848]
 [2.28451212]]

Poseterior variance:
[[ 9.03573556e-02  5.09370225e-03 -1.09558613e-01 -5.94865605e-03]
 [ 5.09370225e-03  3.06683686e-01  4.29697213e-04 -2.97230902e-01]
 [-1.09558613e-01  4.29697213e-04  3.22113997e-01  2.93644251e-02]
 [-5.94865605e-03 -2.97230902e-01  2.93644251e-02  5.13847326e-01]]

Predictive distribution ~ N([4.94554002], [1.139462])
________________________________________________________________________________
Add data point ([[0.5217249]], [[1.17582542]]):

Posterior mean:
[[1.09754165]
 [2.16814146]
 [2.67270641]
 [2.45495349]]

Poseterior variance:
[[ 0.08685649 -0.00181301 -0.10857678 -0.00145351]
 [-0.00181301  0.29305772  0.00236671 -0.28836263]
 [-0.10857678  0.00236671  0.32183864  0.02810374]
 [-0.00145351 -0.28836263  0.02810374  0.50807553]]

Predictive distribution ~ N([3.30484993], [1.09941937])
________________________________________________________________________________
Add data point ([[0.26277335]], [[0.9446424]]):

Posterior mean:
[[1.02870153]
 [2.1069229 ]
 [2.74710352]
 [2.5126297 ]]

Poseterior variance:
[[ 0.08115263 -0.00688537 -0.10241249  0.00332534]
 [-0.00688537  0.28854695  0.00784853 -0.28411286]
 [-0.10241249  0.00784853  0.31517675  0.02293913]
 [ 0.00332534 -0.28411286  0.02293913  0.50407167]]

Predictive distribution ~ N([1.81762206], [1.08273745])
________________________________________________________________________________
Add data point ([[0.66093287]], [[4.46372039]]):

Posterior mean:
[[1.03214785]
 [2.11797061]
 [2.7520462 ]
 [2.50959549]]

Poseterior variance:
[[ 0.08018594 -0.00998426 -0.10379892  0.00417644]
 [-0.00998426  0.27861298  0.00340413 -0.28138453]
 [-0.10379892  0.00340413  0.31318835  0.02415976]
 [ 0.00417644 -0.28138453  0.02415976  0.50332234]]

Predictive distribution ~ N([4.35872917], [1.1028112])
________________________________________________________________________________
Add data point ([[0.77351066]], [[5.49777357]]):

Posterior mean:
[[1.03235479]
 [2.11927271]
 [2.75368614]
 [2.51016656]]

Poseterior variance:
[[ 0.08005412 -0.01081364 -0.10484349  0.00381269]
 [-0.01081364  0.27339445 -0.00316841 -0.28367329]
 [-0.10484349 -0.00316841  0.30491049  0.02127716]
 [ 0.00381269 -0.28367329  0.02127716  0.50231853]]

Predictive distribution ~ N([5.48093678], [1.12746544])
________________________________________________________________________________
Add data point ([[0.1298106]], [[1.25538223]]):

Posterior mean:
[[1.02494057]
 [2.11695835]
 [2.76333529]
 [2.5132091 ]]

Poseterior variance:
[[ 0.07457082 -0.01252526 -0.09770731  0.00606284]
 [-0.01252526  0.27286016 -0.00094084 -0.2829709 ]
 [-0.09770731 -0.00094084  0.29562319  0.01834873]
 [ 0.00606284 -0.2829709   0.01834873  0.50139515]]

Predictive distribution ~ N([1.351806], [1.07257342])
________________________________________________________________________________
Add data point ([[0.110816]], [[1.04226703]]):

Posterior mean:
[[1.00785275]
 [2.11284837]
 [2.78568421]
 [2.51899764]]

Poseterior variance:
[[ 0.06973943 -0.01368731 -0.0913884   0.00769949]
 [-0.01368731  0.27258067  0.00057899 -0.28257725]
 [-0.0913884   0.00057899  0.28735877  0.01620818]
 [ 0.00769949 -0.28257725  0.01620818  0.50084073]]

Predictive distribution ~ N([1.27962684], [1.0677908])
________________________________________________________________________________
Add data point ([[-0.74178985]], [[-1.71525038]]):

Posterior mean:
[[0.96878552]
 [2.26081124]
 [2.69757024]
 [2.48681146]]

Poseterior variance:
[[ 0.0691168  -0.01132919 -0.09279269  0.00718653]
 [-0.01132919  0.26364954  0.0058976  -0.28063447]
 [-0.09279269  0.0058976   0.28419146  0.01505123]
 [ 0.00718653 -0.28063447  0.01505123  0.50041812]]

Predictive distribution ~ N([-0.23896291], [1.11091629])
________________________________________________________________________________
Add data point ([[0.10658077]], [[4.40829774]]):

Posterior mean:
[[1.16700633]
 [2.30972023]
 [2.43397043]
 [2.42174909]]

Poseterior variance:
[[ 0.06492905 -0.01236248 -0.08722369  0.00856108]
 [-0.01236248  0.26339459  0.0072717  -0.28029532]
 [-0.08722369  0.0072717   0.27678565  0.0132233 ]
 [ 0.00856108 -0.28029532  0.0132233   0.49996695]]

Predictive distribution ~ N([1.44375869], [1.06330705])
________________________________________________________________________________
Add data point ([[0.48426899]], [[2.53733212]]):

Posterior mean:
[[1.14507801]
 [2.26244841]
 [2.44357869]
 [2.45914661]]

Poseterior variance:
[[ 0.06347246 -0.0155025  -0.08658547  0.01104521]
 [-0.0155025   0.2566255   0.00864755 -0.27494018]
 [-0.08658547  0.00864755  0.276506    0.01213484]
 [ 0.01104521 -0.27494018  0.01213484  0.49573041]]

Predictive distribution ~ N([3.09305394], [1.0645074])
________________________________________________________________________________
Add data point ([[0.43157513]], [[2.86062943]]):

Posterior mean:
[[1.14845202]
 [2.26852031]
 [2.44111155]
 [2.45382657]]

Poseterior variance:
[[ 0.06184877 -0.01842451 -0.08539819  0.01360539]
 [-0.01842451  0.25136703  0.01078417 -0.27033285]
 [-0.08539819  0.01078417  0.27563784  0.01026279]
 [ 0.01360539 -0.27033285  0.01026279  0.4916936 ]]

Predictive distribution ~ N([2.77941153], [1.05916372])
________________________________________________________________________________
Add data point ([[-0.69513083]], [[0.16341931]]):

Posterior mean:
[[1.15464822]
 [2.24763564]
 [2.44903346]
 [2.46271096]]

Poseterior variance:
[[ 0.06109381 -0.01587986 -0.08636342  0.01252289]
 [-0.01587986  0.24279014  0.01403753 -0.26668422]
 [-0.08636342  0.01403753  0.27440379  0.0088788 ]
 [ 0.01252289 -0.26668422  0.0088788   0.49014146]]

Predictive distribution ~ N([-0.05156771], [1.09113508])
________________________________________________________________________________
Add data point ([[-0.5878401]], [[0.50682833]]):

Posterior mean:
[[1.16616743]
 [2.21748244]
 [2.44854989]
 [2.48475394]]

Poseterior variance:
[[ 0.05975539 -0.01237636 -0.08630724  0.00996172]
 [-0.01237636  0.23361922  0.01389046 -0.25997998]
 [-0.08630724  0.01389046  0.27440143  0.00898632]
 [ 0.00996172 -0.25997998  0.00898632  0.48524044]]

Predictive distribution ~ N([0.20402119], [1.0751351])
________________________________________________________________________________
Add data point ([[-0.69621238]], [[-0.35877]]):

Posterior mean:
[[1.15913124]
 [2.24193978]
 [2.4382291 ]
 [2.47516987]]

Poseterior variance:
[[ 0.05926038 -0.01065572 -0.08703333  0.00928745]
 [-0.01065572  0.22763841  0.01641431 -0.25763629]
 [-0.08703333  0.01641431  0.27333638  0.0079973 ]
 [ 0.00928745 -0.25763629  0.0079973   0.48432202]]

Predictive distribution ~ N([-0.05517332], [1.07841467])
________________________________________________________________________________
Add data point ([[-0.58345127]], [[0.62976231]]):

Posterior mean:
[[1.17312778]
 [2.20624872]
 [2.43610905]
 [2.50239055]]

Poseterior variance:
[[ 0.05817937 -0.00789916 -0.08686959  0.0071851 ]
 [-0.00789916  0.22060922  0.01599678 -0.2522753 ]
 [-0.08686959  0.01599678  0.27331158  0.00831574]
 [ 0.0071851  -0.2522753   0.00831574  0.48023332]]

Predictive distribution ~ N([0.2181639], [1.06516692])
________________________________________________________________________________
Add data point ([[-0.9401704]], [[-1.61551144]]):

Posterior mean:
[[1.18425589]
 [2.20074644]
 [2.34996626]
 [2.59801153]]

Poseterior variance:
[[ 0.05793721 -0.00777943 -0.08499501  0.00510426]
 [-0.00777943  0.22055001  0.0150699  -0.25124643]
 [-0.08499501  0.0150699   0.25880044  0.02442353]
 [ 0.00510426 -0.25124643  0.02442353  0.46235322]]

Predictive distribution ~ N([-0.96667826], [1.17675374])
________________________________________________________________________________
Add data point ([[0.88891039]], [[7.56615381]]):

Posterior mean:
[[1.17657241]
 [2.21525701]
 [2.44181157]
 [2.6750236 ]]

Poseterior variance:
[[ 0.05780757 -0.0075346  -0.08344537  0.00640363]
 [-0.0075346   0.22008765  0.01214333 -0.25370035]
 [-0.08344537  0.01214333  0.2402766   0.00889133]
 [ 0.00640363 -0.25370035  0.00889133  0.44932951]]

Predictive distribution ~ N([6.95405425], [1.17726263])
________________________________________________________________________________
Add data point ([[-0.38082194]], [[0.27431574]]):

Posterior mean:
[[1.16457051]
 [2.23406721]
 [2.45518065]
 [2.65523883]]

Poseterior variance:
[[ 0.05562381 -0.00411206 -0.08101285  0.00280377]
 [-0.00411206  0.2147236   0.00833091 -0.24805839]
 [-0.08101285  0.00833091  0.23756697  0.01290128]
 [ 0.00280377 -0.24805839  0.01290128  0.44339523]]

Predictive distribution ~ N([0.52320639], [1.06087623])
________________________________________________________________________________
Add data point ([[0.51641329]], [[3.06918995]]):

Posterior mean:
[[1.15635854]
 [2.21503069]
 [2.45812615]
 [2.67070355]]

Poseterior variance:
[[ 0.05464019 -0.00639222 -0.08066004  0.0046561 ]
 [-0.00639222  0.20943787  0.00914877 -0.24376441]
 [-0.08066004  0.00914877  0.23744043  0.01223687]
 [ 0.0046561  -0.24376441  0.01223687  0.43990693]]

Predictive distribution ~ N([3.32357478], [1.05612878])
________________________________________________________________________________
Add data point ([[0.74428168]], [[5.67577606]]):

Posterior mean:
[[1.15903155]
 [2.23532263]
 [2.48167404]
 [2.67497514]]

Poseterior variance:
[[ 0.05459354 -0.00674635 -0.08107099  0.00458155]
 [-0.00674635  0.20674949  0.00602902 -0.24433033]
 [-0.08107099  0.00602902  0.2338201   0.01158015]
 [ 0.00458155 -0.24433033  0.01158015  0.4397878 ]]

Predictive distribution ~ N([5.30036637], [1.0798585])
________________________________________________________________________________
Add data point ([[0.25484815]], [[1.97333072]]):

Posterior mean:
[[1.16080487]
 [2.23689536]
 [2.47928815]
 [2.67312857]]

Poseterior variance:
[[ 0.05243513 -0.00866062 -0.07816698  0.00682912]
 [-0.00866062  0.20505176  0.00860454 -0.242337  ]
 [-0.07816698  0.00860454  0.22991294  0.00855619]
 [ 0.00682912 -0.242337    0.00855619  0.43744741]]

Predictive distribution ~ N([1.9361423], [1.05075946])
________________________________________________________________________________
Add data point ([[-0.89394945]], [[-2.41463345]]):

Posterior mean:
[[1.17120385]
 [2.25425411]
 [2.34616766]
 [2.79238666]]

Poseterior variance:
[[ 0.05238988 -0.00873615 -0.07758775  0.0063102 ]
 [-0.00873615  0.20492567  0.00957144 -0.24320322]
 [-0.07758775  0.00957144  0.22249798  0.015199  ]
 [ 0.0063102  -0.24320322  0.015199    0.43149635]]

Predictive distribution ~ N([-0.96392503], [1.11939911])
________________________________________________________________________________
Add data point ([[0.38835097]], [[2.75042413]]):

Posterior mean:
[[1.17788537]
 [2.26455104]
 [2.33917413]
 [2.78164146]]

Poseterior variance:
[[ 0.05103968 -0.01081695 -0.0761745   0.00848158]
 [-0.01081695  0.20171895  0.01174941 -0.23985689]
 [-0.0761745   0.01174941  0.22101874  0.01292622]
 [ 0.00848158 -0.23985689  0.01292622  0.42800434]]

Predictive distribution ~ N([2.57303194], [1.0482662])
________________________________________________________________________________
Add data point ([[0.60362722]], [[3.81220782]]):

Posterior mean:
[[1.17440748]
 [2.25288241]
 [2.3365046 ]
 [2.78863764]]

Poseterior variance:
[[ 0.05071051 -0.01192135 -0.07642717  0.00914375]
 [-0.01192135  0.19801359  0.0109017  -0.23763526]
 [-0.07642717  0.0109017   0.2208248   0.01343448]
 [ 0.00914375 -0.23763526  0.01343448  0.42667231]]

Predictive distribution ~ N([3.99898711], [1.05060285])
________________________________________________________________________________
Add data point ([[-0.12257768]], [[2.22432948]]):

Posterior mean:
[[1.23711958]
 [2.20912252]
 [2.24494421]
 [2.83497532]]

Poseterior variance:
[[ 0.04824255 -0.01019923 -0.07282392  0.00732019]
 [-0.01019923  0.19681192  0.00838739 -0.2363628 ]
 [-0.07282392  0.00838739  0.21556402  0.01609691]
 [ 0.00732019 -0.2363628   0.01609691  0.42532489]]

Predictive distribution ~ N([0.99484004], [1.05139634])
________________________________________________________________________________
Add data point ([[0.92880887]], [[8.6223821]]):

Posterior mean:
[[1.22010101]
 [2.20018402]
 [2.37015887]
 [2.96827644]]

Poseterior variance:
[[ 4.79674263e-02 -1.03437297e-02 -7.07996761e-02  9.47515412e-03]
 [-1.03437297e-02  1.96736020e-01  9.45056136e-03 -2.35230965e-01]
 [-7.07996761e-02  9.45056136e-03  2.00670603e-01  2.41661916e-04]
 [ 9.47515412e-03 -2.35230965e-01  2.41661916e-04  4.08445702e-01]]

Predictive distribution ~ N([7.68674596], [1.16843178])
________________________________________________________________________________
Add data point ([[0.83110673]], [[6.39959988]]):

Posterior mean:
[[1.22006469]
 [2.20040277]
 [2.37083151]
 [2.96870786]]

Poseterior variance:
[[ 0.04795214 -0.0102517  -0.0705167   0.00965665]
 [-0.0102517   0.19618187  0.00774655 -0.23632388]
 [-0.0705167   0.00774655  0.19543081 -0.00311904]
 [ 0.00965665 -0.23632388 -0.00311904  0.40629021]]

Predictive distribution ~ N([6.39072652], [1.08814606])
________________________________________________________________________________
Add data point ([[0.89549873]], [[8.47766406]]):

Posterior mean:
[[1.20799446]
 [2.20255461]
 [2.47202673]
 [3.06588581]]

Poseterior variance:
[[ 0.04784779 -0.0102331  -0.06964178  0.01049683]
 [-0.0102331   0.19617855  0.00759058 -0.23647367]
 [-0.06964178  0.00759058  0.18809567 -0.01016299]
 [ 0.01049683 -0.23647367 -0.01016299  0.3995259 ]]

Predictive distribution ~ N([7.36440519], [1.11226983])
________________________________________________________________________________
Add data point ([[0.61139044]], [[5.41560705]]):

Posterior mean:
[[1.22925629]
 [2.27181959]
 [2.4755623 ]
 [3.01074487]]

Poseterior variance:
[[ 0.04753894 -0.01123924 -0.06969314  0.01129781]
 [-0.01123924  0.19290082  0.00742327 -0.23386431]
 [-0.06969314  0.00742327  0.18808713 -0.0100298 ]
 [ 0.01129781 -0.23386431 -0.0100298   0.39744862]]

Predictive distribution ~ N([4.23165165], [1.04232813])
________________________________________________________________________________
Add data point ([[0.57153794]], [[3.70033538]]):

Posterior mean:
[[1.22536652]
 [2.26083521]
 [2.47668087]
 [3.02052471]]

Poseterior variance:
[[ 0.04713722 -0.01237365 -0.06957762  0.01230781]
 [-0.01237365  0.18969736  0.00774948 -0.23101214]
 [-0.06957762  0.00774948  0.18805391 -0.01032024]
 [ 0.01230781 -0.23101214 -0.01032024  0.39490922]]

Predictive distribution ~ N([3.89046149], [1.04026457])
________________________________________________________________________________
Add data point ([[-0.08360094]], [[1.81728514]]):

Posterior mean:
[[1.26013662]
 [2.24038411]
 [2.42643068]
 [3.04336371]]

Poseterior variance:
[[ 0.04497128 -0.01109968 -0.06644737  0.0108851 ]
 [-0.01109968  0.18894804  0.00590833 -0.23017532]
 [-0.06644737  0.00590833  0.18353003 -0.00826411]
 [ 0.0108851  -0.23017532 -0.00826411  0.39397469]]

Predictive distribution ~ N([1.08801878], [1.04718598])
________________________________________________________________________________
Add data point ([[-0.89112138]], [[-1.46956595]]):

Posterior mean:
[[1.26267733]
 [2.24577872]
 [2.39022941]
 [3.07479627]]

Poseterior variance:
[[ 0.04494316 -0.01115939 -0.06604667  0.01053718]
 [-0.01115939  0.18882125  0.00675912 -0.23091404]
 [-0.06604667  0.00675912  0.1778207  -0.00330686]
 [ 0.01053718 -0.23091404 -0.00330686  0.38967045]]

Predictive distribution ~ N([-1.01634927], [1.10515205])
________________________________________________________________________________
Add data point ([[0.65123432]], [[4.57012839]]):

Posterior mean:
[[1.26245979]
 [2.24489824]
 [2.390007  ]
 [3.07537787]]

Poseterior variance:
[[ 0.04479138 -0.0117737  -0.06620185  0.01094297]
 [-0.0117737   0.18633486  0.00613106 -0.22927165]
 [-0.06620185  0.00613106  0.17766206 -0.00289199]
 [ 0.01094297 -0.22927165 -0.00289199  0.38858556]]

Predictive distribution ~ N([4.58742743], [1.04020417])
________________________________________________________________________________
Add data point ([[0.74316322]], [[5.29719497]]):

Posterior mean:
[[1.26164331]
 [2.23749776]
 [2.38275006]
 [3.07569628]]

Poseterior variance:
[[ 0.04477636 -0.01190984 -0.06633534  0.01094883]
 [-0.01190984  0.18510098  0.0049211  -0.22921856]
 [-0.06633534  0.0049211   0.17647557 -0.00283993]
 [ 0.01094883 -0.22921856 -0.00283993  0.38858328]]

Predictive distribution ~ N([5.50283944], [1.04722754])
________________________________________________________________________________
Add data point ([[0.31252423]], [[2.39596123]]):

Posterior mean:
[[1.26527933]
 [2.24160386]
 [2.37778729]
 [3.07058185]]

Poseterior variance:
[[ 0.04360578 -0.01323175 -0.06473763  0.01259537]
 [-0.01323175  0.18360816  0.00672537 -0.22735915]
 [-0.06473763  0.00672537  0.17429487 -0.00508727]
 [ 0.01259537 -0.22735915 -0.00508727  0.38626726]]

Predictive distribution ~ N([2.29180518], [1.03945646])
________________________________________________________________________________
Add data point ([[0.92808104]], [[8.29850988]]):

Posterior mean:
[[1.25954742]
 [2.2341095 ]
 [2.41272316]
 [3.11286679]]

Poseterior variance:
[[ 0.04342286 -0.01347092 -0.06362273  0.01394479]
 [-0.01347092  0.18329546  0.00818307 -0.22559481]
 [-0.06362273  0.00818307  0.16749962 -0.01331196]
 [ 0.01394479 -0.22559481 -0.01331196  0.37631244]]

Predictive distribution ~ N([7.89953244], [1.11374525])
________________________________________________________________________________
Add data point ([[-0.05197047]], [[0.45456816]]):

Posterior mean:
[[1.23031919]
 [2.24936773]
 [2.45501596]
 [3.09585471]]

Poseterior variance:
[[ 0.04157444 -0.01250598 -0.06094811  0.01286893]
 [-0.01250598  0.18279173  0.00678682 -0.22503318]
 [-0.06094811  0.00678682  0.16362949 -0.01175521]
 [ 0.01286893 -0.22503318 -0.01175521  0.37568625]]

Predictive distribution ~ N([1.11961476], [1.04303121])
________________________________________________________________________________
Add data point ([[0.43599882]], [[3.57101703]]):

Posterior mean:
[[1.24603323]
 [2.27995195]
 [2.43791744]
 [3.06127336]]

Poseterior variance:
[[ 0.04094256 -0.0137358  -0.06026056  0.01425949]
 [-0.0137358   0.18039812  0.008125   -0.22232674]
 [-0.06026056  0.008125    0.16288136 -0.01326828]
 [ 0.01425949 -0.22232674 -0.01326828  0.3726261 ]]

Predictive distribution ~ N([2.95724738], [1.03601724])
________________________________________________________________________________
Add data point ([[0.17999618]], [[0.18446037]]):

Posterior mean:
[[1.19071119]
 [2.25319571]
 [2.51893085]
 [3.09757232]]

Poseterior variance:
[[ 0.03965186 -0.01436004 -0.05837046  0.01510637]
 [-0.01436004  0.18009621  0.00903913 -0.22191715]
 [-0.05837046  0.00903913  0.16011351 -0.01450845]
 [ 0.01510637 -0.22191715 -0.01450845  0.37207043]]

Predictive distribution ~ N([1.6959516], [1.03652596])
________________________________________________________________________________
Add data point ([[-0.95523482]], [[-1.59833231]]):

Posterior mean:
[[1.19337725]
 [2.25007581]
 [2.50020236]
 [3.12012149]]

Poseterior variance:
[[ 0.03950386 -0.01418684 -0.05733075  0.01385456]
 [-0.01418684  0.17989352  0.00782244 -0.22045225]
 [-0.05733075  0.00782244  0.15280978 -0.00571474]
 [ 0.01385456 -0.22045225 -0.00571474  0.36148278]]

Predictive distribution ~ N([-1.39418561], [1.13219204])
________________________________________________________________________________
Add data point ([[0.18435667]], [[2.11514046]]):

Posterior mean:
[[1.20697716]
 [2.25701124]
 [2.48050497]
 [3.11052474]]

Poseterior variance:
[[ 0.03832012 -0.0147905  -0.0556163   0.01468986]
 [-0.0147905   0.17958568  0.00869674 -0.22002627]
 [-0.0556163   0.00869674  0.15032665 -0.00692455]
 [ 0.01468986 -0.22002627 -0.00692455  0.36089335]]

Predictive distribution ~ N([1.72686802], [1.03515943])
________________________________________________________________________________
Add data point ([[-0.51170491]], [[0.17366344]]):

Posterior mean:
[[1.20387663]
 [2.26492454]
 [2.48259365]
 [3.1023809 ]]

Poseterior variance:
[[ 0.03750101 -0.01269991 -0.05506449  0.01253836]
 [-0.01269991  0.17424997  0.00728841 -0.21453512]
 [-0.05506449  0.00728841  0.14995493 -0.00547518]
 [ 0.01253836 -0.21453512 -0.00547518  0.35524222]]

Predictive distribution ~ N([0.27927573], [1.04959984])
________________________________________________________________________________
Add data point ([[-0.73290929]], [[-0.67054004]]):

Posterior mean:
[[1.20005889]
 [2.28108263]
 [2.47566942]
 [3.09400356]]

Poseterior variance:
[[ 0.03735729 -0.01209167 -0.05532514  0.01222301]
 [-0.01209167  0.17167567  0.00839157 -0.21320044]
 [-0.05532514  0.00839157  0.14948219 -0.00604713]
 [ 0.01222301 -0.21320044 -0.00604713  0.35455024]]

Predictive distribution ~ N([-0.36001489], [1.04923813])
________________________________________________________________________________
Add data point ([[-0.04401567]], [[3.21257057]]):

Posterior mean:
[[1.27676057]
 [2.24126398]
 [2.36319021]
 [3.13778418]]

Poseterior variance:
[[ 0.03598283 -0.01137813 -0.05330956  0.01143848]
 [-0.01137813  0.17130525  0.00734521 -0.21279317]
 [-0.05330956  0.00734521  0.14652645 -0.00489665]
 [ 0.01143848 -0.21279317 -0.00489665  0.35410244]]

Predictive distribution ~ N([1.18242065], [1.03710554])
________________________________________________________________________________
Add data point ([[-0.69399238]], [[-0.90115532]]):

Posterior mean:
[[1.26698071]
 [2.27907589]
 [2.35380495]
 [3.11166939]]

Poseterior variance:
[[ 0.03578527 -0.0106143  -0.05349916  0.01091093]
 [-0.0106143   0.16835203  0.00807823 -0.21075352]
 [-0.05349916  0.00807823  0.1463445  -0.00540291]
 [ 0.01091093 -0.21075352 -0.00540291  0.35269376]]

Predictive distribution ~ N([-0.22108628], [1.04468791])
________________________________________________________________________________
Add data point ([[-0.65170438]], [[0.22159482]]):

Posterior mean:
[[1.27187922]
 [2.26216141]
 [2.35521639]
 [3.12563167]]

Poseterior variance:
[[ 0.03550969 -0.00966272 -0.05357856  0.01012544]
 [-0.00966272  0.16506623  0.00835241 -0.20804121]
 [-0.05357856  0.00835241  0.14632162 -0.00562924]
 [ 0.01012544 -0.20804121 -0.00562924  0.35045485]]

Predictive distribution ~ N([-0.06722369], [1.04198219])
________________________________________________________________________________
Add data point ([[0.44726857]], [[3.82387138]]):

Posterior mean:
[[1.28820445]
 [2.29822691]
 [2.33912069]
 [3.08538753]]

Poseterior variance:
[[ 0.03506761 -0.01063934 -0.0531427   0.01121521]
 [-0.01063934  0.16290868  0.0093153  -0.20563369]
 [-0.0531427   0.0093153   0.14589189 -0.0067037 ]
 [ 0.01121521 -0.20563369 -0.0067037   0.34776839]]

Predictive distribution ~ N([3.06013551], [1.03247571])
________________________________________________________________________________
Add data point ([[0.68265523]], [[5.02390308]]):

Posterior mean:
[[1.28881169]
 [2.30185668]
 [2.34087355]
 [3.08339773]]

Poseterior variance:
[[ 0.03502546 -0.01089131 -0.05326438  0.01135334]
 [-0.01089131  0.16140248  0.00858794 -0.20480801]
 [-0.05326438  0.00858794  0.14554064 -0.00630496]
 [ 0.01135334 -0.20480801 -0.00630496  0.34731576]]

Predictive distribution ~ N([4.93199627], [1.03434654])
________________________________________________________________________________
Add data point ([[0.04053915]], [[0.58309681]]):

Posterior mean:
[[1.26202466]
 [2.30523269]
 [2.38177758]
 [3.08101901]]

Poseterior variance:
[[ 0.0338748  -0.01074629 -0.05150731  0.01125116]
 [-0.01074629  0.1613842   0.0083665  -0.20479513]
 [-0.05150731  0.0083665   0.14285758 -0.00614893]
 [ 0.01125116 -0.20479513 -0.00614893  0.34730668]]

Predictive distribution ~ N([1.35959636], [1.03310133])
________________________________________________________________________________
Add data point ([[0.63180478]], [[4.93938242]]):

Posterior mean:
[[1.26649882]
 [2.32573762]
 [2.38619972]
 [3.0652474 ]]

Poseterior variance:
[[ 0.03378985 -0.0111356  -0.05159127  0.01155061]
 [-0.0111356   0.1596      0.00798171 -0.20342279]
 [-0.05159127  0.00798171  0.1427746  -0.00585297]
 [ 0.01155061 -0.20342279 -0.00585297  0.34625113]]

Predictive distribution ~ N([4.46148956], [1.03085896])
________________________________________________________________________________
Add data point ([[-0.81573533]], [[-1.31553917]]):

Posterior mean:
[[1.26518991]
 [2.34047243]
 [2.3631265 ]
 [3.07351032]]

Poseterior variance:
[[ 0.03378496 -0.01108058 -0.05167744  0.01158146]
 [-0.01108058  0.15898055  0.00895172 -0.20377017]
 [-0.05167744  0.00895172  0.14125567 -0.00530902]
 [ 0.01158146 -0.20377017 -0.00530902  0.34605633]]

Predictive distribution ~ N([-0.73986681], [1.05447622])
________________________________________________________________________________
Add data point ([[0.65511197]], [[4.21257517]]):

Posterior mean:
[[1.26176874]
 [2.32264578]
 [2.35713457]
 [3.0856108 ]]

Poseterior variance:
[[ 0.03372893 -0.01137258 -0.05177559  0.01177967]
 [-0.01137258  0.15745904  0.00844031 -0.20273739]
 [-0.05177559  0.00844031  0.14108377 -0.00496188]
 [ 0.01177967 -0.20273739 -0.00496188  0.3453553 ]]

Predictive distribution ~ N([4.66251368], [1.03073856])
________________________________________________________________________________
Add data point ([[-0.60429323]], [[0.10072062]]):

Posterior mean:
[[1.2629185 ]
 [2.31911107]
 [2.35687797]
 [3.08899903]]

Poseterior variance:
[[ 0.03337853 -0.01029536 -0.05169739  0.01074709]
 [-0.01029536  0.15414734  0.0081999  -0.19956293]
 [-0.05169739  0.0081999   0.14106632 -0.00473144]
 [ 0.01074709 -0.19956293 -0.00473144  0.3423124 ]]

Predictive distribution ~ N([0.04050799], [1.03901207])
________________________________________________________________________________
Add data point ([[-0.78248527]], [[-0.05358731]]):

Posterior mean:
[[1.26528554]
 [2.30363688]
 [2.37247689]
 [3.08900027]]

Poseterior variance:
[[ 0.03335804 -0.01016139 -0.05183244  0.01074708]
 [-0.01016139  0.15327155  0.00908276 -0.19956286]
 [-0.05183244  0.00908276  0.14017634 -0.00473151]
 [ 0.01074708 -0.19956286 -0.00473151  0.3423124 ]]

Predictive distribution ~ N([-0.56459668], [1.04490495])
________________________________________________________________________________
Add data point ([[-0.24130101]], [[0.83105553]]):

Posterior mean:
[[1.26612999]
 [2.3025034 ]
 [2.37129212]
 [3.09039255]]

Poseterior variance:
[[ 0.03233338 -0.00878601 -0.05039482  0.00905767]
 [-0.00878601  0.1514254   0.00715308 -0.19729521]
 [-0.05039482  0.00715308  0.13815935 -0.00236124]
 [ 0.00905767 -0.19729521 -0.00236124  0.33952698]]

Predictive distribution ~ N([0.80518475], [1.03826784])
________________________________________________________________________________
Add data point ([[-0.37856267]], [[-0.25409532]]):

Posterior mean:
[[1.24408077]
 [2.34540995]
 [2.39746704]
 [3.0391174 ]]

Poseterior variance:
[[ 3.15826203e-02 -7.32507699e-03 -4.95035893e-02  7.31179559e-03]
 [-7.32507699e-03  1.48582511e-01  5.41879269e-03 -1.93897829e-01]
 [-4.95035893e-02  5.41879269e-03  1.37101359e-01 -2.88689071e-04]
 [ 7.31179559e-03 -1.93897829e-01 -2.88689071e-04  3.35466972e-01]]

Predictive distribution ~ N([0.53489911], [1.03869511])
________________________________________________________________________________
Add data point ([[-0.10755837]], [[0.79442965]]):

Posterior mean:
[[1.23727393]
 [2.3503354 ]
 [2.40785223]
 [3.03317614]]

Poseterior variance:
[[ 0.03060501 -0.00661768 -0.04801205  0.0064585 ]
 [-0.00661768  0.14807063  0.00433951 -0.19328038]
 [-0.04801205  0.00433951  0.13482573  0.00101318]
 [ 0.0064585  -0.19328038  0.00101318  0.33472219]]

Predictive distribution ~ N([1.00855742], [1.03257063])
________________________________________________________________________________
Add data point ([[0.40028425]], [[3.42702468]]):

Posterior mean:
[[1.25069678]
 [2.37691933]
 [2.39187833]
 [3.00118691]]

Poseterior variance:
[[ 3.01898955e-02 -7.43981491e-03 -4.75180432e-02  7.44780647e-03]
 [-7.43981491e-03  1.46442389e-01  5.31790125e-03 -1.91321069e-01]
 [-4.75180432e-02  5.31790125e-03  1.34237827e-01 -1.64145514e-04]
 [ 7.44780647e-03 -1.91321069e-01 -1.64145514e-04  3.32364484e-01]]

Predictive distribution ~ N([2.77787054], [1.02909457])
________________________________________________________________________________
Add data point ([[-0.77347699]], [[0.53248787]]):

Posterior mean:
[[1.25490324]
 [2.34694847]
 [2.4216006 ]
 [3.00277034]]

Poseterior variance:
[[ 3.01740171e-02 -7.32668217e-03 -4.76302376e-02  7.44182940e-03]
 [-7.32668217e-03  1.45636324e-01  6.11728088e-03 -1.91278483e-01]
 [-4.76302376e-02  6.11728088e-03  1.33445077e-01 -2.06378656e-04]
 [ 7.44182940e-03 -1.91278483e-01 -2.06378656e-04  3.32362234e-01]]

Predictive distribution ~ N([-0.50116293], [1.04121866])
________________________________________________________________________________
Add data point ([[0.85514508]], [[6.82537699]]):

Posterior mean:
[[1.25540286]
 [2.34678333]
 [2.41721233]
 [2.99866068]]

Poseterior variance:
[[ 0.03013723 -0.00731452 -0.0473071   0.00774445]
 [-0.00731452  0.1456323   0.00601047 -0.19137851]
 [-0.0473071   0.00601047  0.13060686 -0.00286439]
 [ 0.00774445 -0.19137851 -0.00286439  0.32987299]]

Predictive distribution ~ N([6.9050817], [1.06367768])
________________________________________________________________________________
Add data point ([[-0.92258985]], [[-0.10421814]]):

Posterior mean:
[[1.24582917]
 [2.36067336]
 [2.47848973]
 [2.92058087]]

Poseterior variance:
[[ 0.03005508 -0.00719534 -0.04678132  0.00707451]
 [-0.00719534  0.14545939  0.00524765 -0.19040652]
 [-0.04678132  0.00524765  0.12724159  0.00142365]
 [ 0.00707451 -0.19040652  0.00142365  0.32440916]]

Predictive distribution ~ N([-1.11596455], [1.082591])
________________________________________________________________________________
Add data point ([[-0.04925388]], [[-0.42232011]]):

Posterior mean:
[[1.20005694]
 [2.38231561]
 [2.54909493]
 [2.89577611]]

Poseterior variance:
[[ 0.02916478 -0.00677439 -0.04540801  0.00659204]
 [-0.00677439  0.14526035  0.00459831 -0.1901784 ]
 [-0.04540801  0.00459831  0.1251232   0.00216787]
 [ 0.00659204 -0.1901784   0.00216787  0.3241477 ]]

Predictive distribution ~ N([1.08855661], [1.02996002])
________________________________________________________________________________
Add data point ([[0.05737048]], [[1.17503084]]):

Posterior mean:
[[1.19530762]
 [2.38206038]
 [2.55651588]
 [2.89648122]]

Poseterior variance:
[[ 0.02836799 -0.00681721 -0.04416299  0.00671034]
 [-0.00681721  0.14525805  0.00466522 -0.19017204]
 [-0.04416299  0.00466522  0.12317783  0.00198303]
 [ 0.00671034 -0.19017204  0.00198303  0.32413014]]

Predictive distribution ~ N([1.34092896], [1.02777468])
________________________________________________________________________________
Add data point ([[0.71179997]], [[5.01746852]]):

Posterior mean:
[[1.19457239]
 [2.37579063]
 [2.55191396]
 [2.89870247]]

Poseterior variance:
[[ 0.02835572 -0.00692187 -0.04423981  0.00674742]
 [-0.00692187  0.14436555  0.00401013 -0.18985584]
 [-0.04423981  0.00401013  0.12269701  0.00221512]
 [ 0.00674742 -0.18985584  0.00221512  0.32401811]]

Predictive distribution ~ N([5.22399881], [1.03155118])
________________________________________________________________________________
Add data point ([[0.73387283]], [[5.76955203]]):

Posterior mean:
[[1.19520991]
 [2.38366544]
 [2.55964255]
